#(1) ID number
#(2) RA (degree)
#(3) DEC (degree)
#(4) photometric or spectroscopic redshift from zCOSMOS or Magellan-COSMOS. Spectroscopic redshifts are IDs 1, 16, 52.
#(5) lower uncertainty in the redshift as given in column (2)
#(6) upper uncertainty in the redshift as given in column (2)
#
#(1)      (2)             (3)             (4)         (5)         (6)
1     150.20744       2.2818749         0.882      0.001       0.001
2     150.46751       2.7598829         1.33        0.09        0.10
16    150.53772       2.2673550         0.9687     0.0005      0.0005
18    149.69325       2.2674670         0.92        0.11        0.14
20    149.83209       2.5695460         0.88        0.02        0.02
22    149.89508       2.6292144         1.30        0.04        0.05
25    150.45673       2.5597000         1.33        0.13        0.11
26    149.62114       2.0919881         1.09        0.07        0.12
29    149.64587       1.9529760         1.32        0.24        0.23
36    150.55662       1.7913361         1.07        0.04        0.10
39    149.95804       2.8288901         1.10        0.05        0.05
52    149.90590       2.3964710         0.7417     0.0006      0.0006
202   149.99506       1.6324950         1.31        0.12        0.09
219   150.06444       2.8754051         1.03        0.04        0.02
228   149.49455       2.5052481         1.31        0.07        0.05
234   150.78925       2.4539680         1.10        0.08        0.14
285   150.72131       1.5823840         1.10        0.08        0.13
