    11.200    11.200     1.105     1.100    15.000    15.000     0.100     0.100     0.100     0.200
    11.200    11.200     1.105     1.100    16.200    16.200     0.100     0.100     0.100     0.200
    11.200    11.200     1.105     1.100    17.496    17.496     0.100     0.100     0.100     0.200
    11.200    11.200     1.105     1.100    18.896    18.896     0.100     0.100     0.100     0.200
    11.200    11.200     1.105     1.100    20.407    20.407     0.100     0.100     0.100     0.200
    11.200    11.200     1.105     1.100    22.040    22.040     0.100     0.100     0.100     0.200
    11.200    11.200     1.105     1.100    23.803    23.803     0.100     0.100     0.100     0.200
    11.200    11.200     1.105     1.100    25.707    25.707     0.100     0.100     0.100     0.200
    11.200    11.200     1.105     1.100    27.764    27.764     0.100     0.100     0.100     0.200
    11.200    11.200     1.105     1.100    29.985    29.985     0.100     0.100     0.100     0.200
    11.200    11.200     1.105     1.100    32.384    32.384     0.100     0.100     0.100     0.200
    11.200    11.200     1.105     1.100    34.975    34.975     0.100     0.100     0.100     0.200
    11.200    11.200     1.105     1.100    37.773    37.773     0.100     0.100     0.100     0.200
    11.200    11.200     1.105     1.100    40.794    40.794     0.100     0.100     0.100     0.200
    11.200    11.200     1.105     1.100    44.058    44.058     0.100     0.100     0.100     0.200
    11.200    11.200     1.105     1.100    47.583    47.583     0.100     0.100     0.100     0.200
    11.200    11.200     1.105     1.100    51.389    51.389     0.100     0.100     0.100     0.200
    11.200    11.200     1.105     1.100    55.500    55.500     0.100     0.100     0.100     0.200
    11.200    11.200     1.105     1.100    59.940    59.940     0.100     0.100     0.100     0.200
    11.200    11.200     1.105     1.100    64.736    64.736     0.100     0.100     0.100     0.200
    11.200    11.200     1.105     1.100    69.914    69.914     0.100     0.100     0.100     0.200
    11.200    11.200     1.105     1.100    75.508    75.508     0.100     0.100     0.100     0.200
    11.200    11.200     1.105     1.100    81.548    81.548     0.100     0.100     0.100     0.200
    11.200    11.200     1.105     1.100    88.072    88.072     0.100     0.100     0.100     0.200
    11.200    11.200     1.105     1.100    95.118    95.118     0.100     0.100     0.100     0.200
    11.200    11.200     1.105     1.100   102.727   102.727     0.100     0.100     0.100     0.200
    11.200    11.200     1.105     1.100   110.945   110.945     0.100     0.100     0.100     0.200
    11.200    11.200     1.105     1.100   119.821   119.821     0.100     0.100     0.100     0.200
    11.200    11.200     1.105     1.100   129.407   129.407     0.100     0.100     0.100     0.200
    11.200    11.200     1.105     1.100   139.759   139.759     0.100     0.100     0.100     0.200
    11.200    11.200     1.105     1.100   150.940   150.940     0.100     0.100     0.100     0.200
    11.200    11.200     1.105     1.100   163.015   163.015     0.100     0.100     0.100     0.200
    11.200    11.200     1.105     1.100   176.056   176.056     0.100     0.100     0.100     0.200
    11.200    11.200     1.105     1.100   190.141   190.141     0.100     0.100     0.100     0.200
    11.200    11.200     1.105     1.100   205.352   205.352     0.100     0.100     0.100     0.200
    11.200    11.200     1.105     1.100   221.780   221.780     0.100     0.100     0.100     0.200
    11.200    11.200     1.105     1.100   239.523   239.523     0.100     0.100     0.100     0.200
    11.200    11.200     1.105     1.100   258.685   258.685     0.100     0.100     0.100     0.200
    11.200    11.200     1.105     1.100   279.380   279.380     0.100     0.100     0.100     0.200
    11.200    11.200     1.105     1.100   301.730   301.730     0.100     0.100     0.100     0.200
    11.200    11.200     1.105     1.100   325.868   325.868     0.100     0.100     0.100     0.200
    11.200    11.200     1.105     1.100   351.938   351.938     0.100     0.100     0.100     0.200
    11.200    11.200     1.105     1.100   380.093   380.093     0.100     0.100     0.100     0.200
    11.200    11.200     1.105     1.100   410.500   410.500     0.100     0.100     0.100     0.200
    11.200    11.200     1.105     1.100   443.340   443.340     0.100     0.100     0.100     0.200
    11.200    11.200     1.105     1.100   478.808   478.808     0.100     0.100     0.100     0.200
    11.200    11.200     1.105     1.100   517.112   517.112     0.100     0.100     0.100     0.200
    11.200    11.200     1.105     1.100   558.481   558.481     0.100     0.100     0.100     0.200
    11.200    11.200     1.105     1.100   603.160   603.160     0.100     0.100     0.100     0.200
    11.200    11.200     1.105     1.100   651.413   651.413     0.100     0.100     0.100     0.200
    11.200    11.200     1.105     1.100   703.526   703.526     0.100     0.100     0.100     0.200
    11.200    11.200     1.105     1.100   759.808   759.808     0.100     0.100     0.100     0.200
    11.200    11.200     1.105     1.100   820.592   820.592     0.100     0.100     0.100     0.200
    11.200    11.200     1.105     1.100   886.240   886.240     0.100     0.100     0.100     0.200
    11.200    11.200     1.105     1.100   957.139   957.139     0.100     0.100     0.100     0.200
    11.200    11.200     1.105     1.100  1033.710  1033.710     0.100     0.100     0.100     0.200
    11.200    11.200     1.105     1.100  1116.407  1116.407     0.100     0.100     0.100     0.200
    11.200    11.200     1.105     1.100  1205.720  1205.720     0.100     0.100     0.100     0.200
    11.200    11.200     1.105     1.100  1302.177  1302.177     0.100     0.100     0.100     0.200
    11.200    11.200     1.105     1.100  1406.351  1406.351     0.100     0.100     0.100     0.200
    11.200    11.200     1.105     1.100  1518.860  1518.860     0.100     0.100     0.100     0.200
